#METADATA SECTION 
#Type = Measurement 
#Mobile = false 
#Owner = Idira 
#Phenomenon = waterlevel 
#Phenomenon_Unit = cm 
#Sensor_no = 11

#unique_id longitude latitude status 
#GAUGING_STATION_501010 14.235220312059628 50.87576423112548 true
#GAUGING_STATION_501040 13.9329961861314 50.96447437430193 true
#GAUGING_STATION_550100 14.244613242052962 50.92842998727773 true 
#GAUGING_STATION_550190 14.133844648218808 50.94186451129637 true 
#GAUGING_STATION_550302 14.269691931001875 50.97101787879455 true 
#GAUGING_STATION_550390 14.21134715658831 51.028348553912714 true
#GAUGING_STATION_550490 14.046572253178677 50.88185608656877 true
#GAUGING_STATION_550560 14.108149231535268 50.88674713893094 true
#GAUGING_STATION_550620 13.97732671472615 50.91632870973011 true
#GAUGING_STATION_550710 13.979576936961205 50.83283735538427 true
#GAUGING_STATION_550810 13.993816585389949 51.022094948027565 true

#unique_id timestamp longitude latitude waterlevel
GAUGING_STATION_501040 400 13.9329961861314 50.96447437430193 620.0
GAUGING_STATION_501010 650 14.235220312059628 50.87576423112548 330.0
GAUGING_STATION_550190 900 14.133844648218808 50.94186451129637 83.0
GAUGING_STATION_550100 1150 14.244613242052962 50.92842998727773 24.0
GAUGING_STATION_550302 1400 14.269691931001875 50.97101787879455 55.0
GAUGING_STATION_550810 1650 13.993816585389949 51.022094948027565 60.0
GAUGING_STATION_550390 1900 14.21134715658831 51.028348553912714 43.0
GAUGING_STATION_550620 2150 13.97732671472615 50.91632870973011 66.0
GAUGING_STATION_550490 2400 14.046572253178677 50.88185608656877 34.0
GAUGING_STATION_550560 2650 14.108149231535268 50.88674713893094 12.0
GAUGING_STATION_550710 2900 13.979576936961205 50.83283735538427 28.0
GAUGING_STATION_501040 10400 13.9329961861314 50.96447437430193 622.0
GAUGING_STATION_501010 10650 14.235220312059628 50.87576423112548 340.0
GAUGING_STATION_550190 10900 14.133844648218808 50.94186451129637 83.0
GAUGING_STATION_550100 11150 14.244613242052962 50.92842998727773 27.0
GAUGING_STATION_550302 11400 14.269691931001875 50.97101787879455 53.0
GAUGING_STATION_550810 11650 13.993816585389949 51.022094948027565 60.0
GAUGING_STATION_550390 11900 14.21134715658831 51.028348553912714 44.0
GAUGING_STATION_550620 12150 13.97732671472615 50.91632870973011 64.0
GAUGING_STATION_550490 12400 14.046572253178677 50.88185608656877 34.0
GAUGING_STATION_550560 12650 14.108149231535268 50.88674713893094 12.0
GAUGING_STATION_550710 12900 13.979576936961205 50.83283735538427 28.0
GAUGING_STATION_501040 20400 13.9329961861314 50.96447437430193 624.0
GAUGING_STATION_501010 20650 14.235220312059628 50.87576423112548 349.0
GAUGING_STATION_550190 20900 14.133844648218808 50.94186451129637 84.0
GAUGING_STATION_550100 21150 14.244613242052962 50.92842998727773 29.0
GAUGING_STATION_550302 21400 14.269691931001875 50.97101787879455 52.0
GAUGING_STATION_550810 21650 13.993816585389949 51.022094948027565 61.0
GAUGING_STATION_550390 21900 14.21134715658831 51.028348553912714 43.0
GAUGING_STATION_550620 22150 13.97732671472615 50.91632870973011 64.0
GAUGING_STATION_550490 22400 14.046572253178677 50.88185608656877 34.0
GAUGING_STATION_550560 22650 14.108149231535268 50.88674713893094 12.0
GAUGING_STATION_550710 22900 13.979576936961205 50.83283735538427 29.0
GAUGING_STATION_501040 30400 13.9329961861314 50.96447437430193 626.0
GAUGING_STATION_501010 30650 14.235220312059628 50.87576423112548 355.0
GAUGING_STATION_550190 30900 14.133844648218808 50.94186451129637 89.0
GAUGING_STATION_550100 31150 14.244613242052962 50.92842998727773 30.0
GAUGING_STATION_550302 31400 14.269691931001875 50.97101787879455 53.0
GAUGING_STATION_550810 31650 13.993816585389949 51.022094948027565 66.0
GAUGING_STATION_550390 31900 14.21134715658831 51.028348553912714 43.0
GAUGING_STATION_550620 32150 13.97732671472615 50.91632870973011 64.0
GAUGING_STATION_550490 32400 14.046572253178677 50.88185608656877 34.0
GAUGING_STATION_550560 32650 14.108149231535268 50.88674713893094 12.0
GAUGING_STATION_550710 32900 13.979576936961205 50.83283735538427 30.0
GAUGING_STATION_501040 40400 13.9329961861314 50.96447437430193 630.0
GAUGING_STATION_501010 40650 14.235220312059628 50.87576423112548 362.0
GAUGING_STATION_550190 40900 14.133844648218808 50.94186451129637 104.0
GAUGING_STATION_550100 41150 14.244613242052962 50.92842998727773 33.0
GAUGING_STATION_550302 41400 14.269691931001875 50.97101787879455 57.0
GAUGING_STATION_550810 41650 13.993816585389949 51.022094948027565 74.0
GAUGING_STATION_550390 41900 14.21134715658831 51.028348553912714 50.0
GAUGING_STATION_550620 42150 13.97732671472615 50.91632870973011 64.0
GAUGING_STATION_550490 42400 14.046572253178677 50.88185608656877 34.0
GAUGING_STATION_550560 42650 14.108149231535268 50.88674713893094 12.0
GAUGING_STATION_550710 42900 13.979576936961205 50.83283735538427 30.0
GAUGING_STATION_501040 50400 13.9329961861314 50.96447437430193 636.0
GAUGING_STATION_501010 50650 14.235220312059628 50.87576423112548 375.0
GAUGING_STATION_550190 50900 14.133844648218808 50.94186451129637 120.0
GAUGING_STATION_550100 51150 14.244613242052962 50.92842998727773 37.0
GAUGING_STATION_550302 51400 14.269691931001875 50.97101787879455 64.0
GAUGING_STATION_550810 51650 13.993816585389949 51.022094948027565 82.0
GAUGING_STATION_550390 51900 14.21134715658831 51.028348553912714 65.0
GAUGING_STATION_550620 52150 13.97732671472615 50.91632870973011 64.0
GAUGING_STATION_550490 52400 14.046572253178677 50.88185608656877 35.0
GAUGING_STATION_550560 52650 14.108149231535268 50.88674713893094 12.0
GAUGING_STATION_550710 52900 13.979576936961205 50.83283735538427 31.0
GAUGING_STATION_501040 60400 13.9329961861314 50.96447437430193 642.0
GAUGING_STATION_501010 60650 14.235220312059628 50.87576423112548 395.0
GAUGING_STATION_550190 60900 14.133844648218808 50.94186451129637 128.0
GAUGING_STATION_550100 61150 14.244613242052962 50.92842998727773 39.0
GAUGING_STATION_550302 61400 14.269691931001875 50.97101787879455 75.0
GAUGING_STATION_550810 61650 13.993816585389949 51.022094948027565 87.0
GAUGING_STATION_550390 61900 14.21134715658831 51.028348553912714 75.0
GAUGING_STATION_550620 62150 13.97732671472615 50.91632870973011 64.0
GAUGING_STATION_550490 62400 14.046572253178677 50.88185608656877 37.0
GAUGING_STATION_550560 62650 14.108149231535268 50.88674713893094 13.0
GAUGING_STATION_550710 62900 13.979576936961205 50.83283735538427 31.0
GAUGING_STATION_501040 70400 13.9329961861314 50.96447437430193 648.0
GAUGING_STATION_501010 70650 14.235220312059628 50.87576423112548 418.0
GAUGING_STATION_550190 70900 14.133844648218808 50.94186451129637 130.0
GAUGING_STATION_550100 71150 14.244613242052962 50.92842998727773 40.0
GAUGING_STATION_550302 71400 14.269691931001875 50.97101787879455 85.0
GAUGING_STATION_550810 71650 13.993816585389949 51.022094948027565 92.0
GAUGING_STATION_550390 71900 14.21134715658831 51.028348553912714 78.0
GAUGING_STATION_550620 72150 13.97732671472615 50.91632870973011 65.0
GAUGING_STATION_550490 72400 14.046572253178677 50.88185608656877 40.0
GAUGING_STATION_550560 72650 14.108149231535268 50.88674713893094 20.0
GAUGING_STATION_550710 72900 13.979576936961205 50.83283735538427 32.0
GAUGING_STATION_501040 80400 13.9329961861314 50.96447437430193 682.0
GAUGING_STATION_501010 80650 14.235220312059628 50.87576423112548 445.0
GAUGING_STATION_550190 80900 14.133844648218808 50.94186451129637 130.0
GAUGING_STATION_550100 81150 14.244613242052962 50.92842998727773 39.0
GAUGING_STATION_550302 81400 14.269691931001875 50.97101787879455 89.0
GAUGING_STATION_550810 81650 13.993816585389949 51.022094948027565 98.0
GAUGING_STATION_550390 81900 14.21134715658831 51.028348553912714 79.0
GAUGING_STATION_550620 82150 13.97732671472615 50.91632870973011 71.0
GAUGING_STATION_550490 82400 14.046572253178677 50.88185608656877 41.0
GAUGING_STATION_550560 82650 14.108149231535268 50.88674713893094 29.0
GAUGING_STATION_550710 82900 13.979576936961205 50.83283735538427 34.0
GAUGING_STATION_501040 90400 13.9329961861314 50.96447437430193 685.0
GAUGING_STATION_501010 90650 14.235220312059628 50.87576423112548 473.0
GAUGING_STATION_550190 90900 14.133844648218808 50.94186451129637 126.0
GAUGING_STATION_550100 91150 14.244613242052962 50.92842998727773 38.0
GAUGING_STATION_550302 91400 14.269691931001875 50.97101787879455 89.0
GAUGING_STATION_550810 91650 13.993816585389949 51.022094948027565 101.0
GAUGING_STATION_550390 91900 14.21134715658831 51.028348553912714 79.0
GAUGING_STATION_550620 92150 13.97732671472615 50.91632870973011 76.0
GAUGING_STATION_550490 92400 14.046572253178677 50.88185608656877 42.0
GAUGING_STATION_550560 92650 14.108149231535268 50.88674713893094 33.0
GAUGING_STATION_550710 92900 13.979576936961205 50.83283735538427 39.0
GAUGING_STATION_501040 100400 13.9329961861314 50.96447437430193 689.0
GAUGING_STATION_501010 100650 14.235220312059628 50.87576423112548 495.0
GAUGING_STATION_550190 100900 14.133844648218808 50.94186451129637 122.0
GAUGING_STATION_550100 101150 14.244613242052962 50.92842998727773 39.0
GAUGING_STATION_550302 101400 14.269691931001875 50.97101787879455 84.0
GAUGING_STATION_550810 101650 13.993816585389949 51.022094948027565 104.0
GAUGING_STATION_550390 101900 14.21134715658831 51.028348553912714 76.0
GAUGING_STATION_550620 102150 13.97732671472615 50.91632870973011 84.0
GAUGING_STATION_550490 102400 14.046572253178677 50.88185608656877 43.0
GAUGING_STATION_550560 102650 14.108149231535268 50.88674713893094 39.0
GAUGING_STATION_550710 102900 13.979576936961205 50.83283735538427 44.0
GAUGING_STATION_501040 110400 13.9329961861314 50.96447437430193 692.0
GAUGING_STATION_501010 110650 14.235220312059628 50.87576423112548 511.0
GAUGING_STATION_550190 110900 14.133844648218808 50.94186451129637 119.0
GAUGING_STATION_550100 111150 14.244613242052962 50.92842998727773 39.0
GAUGING_STATION_550302 111400 14.269691931001875 50.97101787879455 79.0
GAUGING_STATION_550810 111650 13.993816585389949 51.022094948027565 104.0
GAUGING_STATION_550390 111900 14.21134715658831 51.028348553912714 71.0
GAUGING_STATION_550620 112150 13.97732671472615 50.91632870973011 88.0
GAUGING_STATION_550490 112400 14.046572253178677 50.88185608656877 44.0
GAUGING_STATION_550560 112650 14.108149231535268 50.88674713893094 39.0
GAUGING_STATION_550710 112900 13.979576936961205 50.83283735538427 48.0
GAUGING_STATION_501040 120400 13.9329961861314 50.96447437430193 695.0
GAUGING_STATION_501010 120650 14.235220312059628 50.87576423112548 521.0
GAUGING_STATION_550190 120900 14.133844648218808 50.94186451129637 117.0
GAUGING_STATION_550100 121150 14.244613242052962 50.92842998727773 40.0
GAUGING_STATION_550302 121400 14.269691931001875 50.97101787879455 75.0
GAUGING_STATION_550810 121650 13.993816585389949 51.022094948027565 103.0
GAUGING_STATION_550390 121900 14.21134715658831 51.028348553912714 68.0
GAUGING_STATION_550620 122150 13.97732671472615 50.91632870973011 90.0
GAUGING_STATION_550490 122400 14.046572253178677 50.88185608656877 44.0
GAUGING_STATION_550560 122650 14.108149231535268 50.88674713893094 40.0
GAUGING_STATION_550710 122900 13.979576936961205 50.83283735538427 49.0
GAUGING_STATION_501040 130400 13.9329961861314 50.96447437430193 698.0
GAUGING_STATION_501010 130650 14.235220312059628 50.87576423112548 526.0
GAUGING_STATION_550190 130900 14.133844648218808 50.94186451129637 119.0
GAUGING_STATION_550100 131150 14.244613242052962 50.92842998727773 43.0
GAUGING_STATION_550302 131400 14.269691931001875 50.97101787879455 72.0
GAUGING_STATION_550810 131650 13.993816585389949 51.022094948027565 102.0
GAUGING_STATION_550390 131900 14.21134715658831 51.028348553912714 64.0
GAUGING_STATION_550620 132150 13.97732671472615 50.91632870973011 91.0
GAUGING_STATION_550490 132400 14.046572253178677 50.88185608656877 44.0
GAUGING_STATION_550560 132650 14.108149231535268 50.88674713893094 38.0
GAUGING_STATION_550710 132900 13.979576936961205 50.83283735538427 49.0
GAUGING_STATION_501040 140400 13.9329961861314 50.96447437430193 702.0
GAUGING_STATION_501010 140650 14.235220312059628 50.87576423112548 530.0
GAUGING_STATION_550190 140900 14.133844648218808 50.94186451129637 124.0
GAUGING_STATION_550100 141150 14.244613242052962 50.92842998727773 48.0
GAUGING_STATION_550302 141400 14.269691931001875 50.97101787879455 69.0
GAUGING_STATION_550810 141650 13.993816585389949 51.022094948027565 111.0
GAUGING_STATION_550390 141900 14.21134715658831 51.028348553912714 64.0
GAUGING_STATION_550620 142150 13.97732671472615 50.91632870973011 90.0
GAUGING_STATION_550490 142400 14.046572253178677 50.88185608656877 45.0
GAUGING_STATION_550560 142650 14.108149231535268 50.88674713893094 37.0
GAUGING_STATION_550710 142900 13.979576936961205 50.83283735538427 50.0
GAUGING_STATION_501040 150400 13.9329961861314 50.96447437430193 0.0
GAUGING_STATION_501010 150650 14.235220312059628 50.87576423112548 535.0
GAUGING_STATION_550190 150900 14.133844648218808 50.94186451129637 135.0
GAUGING_STATION_550100 151150 14.244613242052962 50.92842998727773 53.0
GAUGING_STATION_550302 151400 14.269691931001875 50.97101787879455 67.0
GAUGING_STATION_550810 151650 13.993816585389949 51.022094948027565 134.0
GAUGING_STATION_550390 151900 14.21134715658831 51.028348553912714 66.0
GAUGING_STATION_550620 152150 13.97732671472615 50.91632870973011 90.0
GAUGING_STATION_550490 152400 14.046572253178677 50.88185608656877 52.0
GAUGING_STATION_550560 152650 14.108149231535268 50.88674713893094 36.0
GAUGING_STATION_550710 152900 13.979576936961205 50.83283735538427 50.0
GAUGING_STATION_501040 160400 13.9329961861314 50.96447437430193 585.0
GAUGING_STATION_501010 160650 14.235220312059628 50.87576423112548 542.0
GAUGING_STATION_550190 160900 14.133844648218808 50.94186451129637 153.0
GAUGING_STATION_550100 161150 14.244613242052962 50.92842998727773 60.0
GAUGING_STATION_550302 161400 14.269691931001875 50.97101787879455 66.0
GAUGING_STATION_550810 161650 13.993816585389949 51.022094948027565 168.0
GAUGING_STATION_550390 161900 14.21134715658831 51.028348553912714 77.0
GAUGING_STATION_550620 162150 13.97732671472615 50.91632870973011 90.0
GAUGING_STATION_550490 162400 14.046572253178677 50.88185608656877 58.0
GAUGING_STATION_550560 162650 14.108149231535268 50.88674713893094 36.0
GAUGING_STATION_550710 162900 13.979576936961205 50.83283735538427 51.0
GAUGING_STATION_501040 170400 13.9329961861314 50.96447437430193 581.0
GAUGING_STATION_501010 170650 14.235220312059628 50.87576423112548 550.0
GAUGING_STATION_550190 170900 14.133844648218808 50.94186451129637 172.0
GAUGING_STATION_550100 171150 14.244613242052962 50.92842998727773 64.0
GAUGING_STATION_550302 171400 14.269691931001875 50.97101787879455 65.0
GAUGING_STATION_550810 171650 13.993816585389949 51.022094948027565 189.0
GAUGING_STATION_550390 171900 14.21134715658831 51.028348553912714 102.0
GAUGING_STATION_550620 172150 13.97732671472615 50.91632870973011 90.0
GAUGING_STATION_550490 172400 14.046572253178677 50.88185608656877 68.0
GAUGING_STATION_550560 172650 14.108149231535268 50.88674713893094 40.0
GAUGING_STATION_550710 172900 13.979576936961205 50.83283735538427 51.0
GAUGING_STATION_501040 180400 13.9329961861314 50.96447437430193 578.0
GAUGING_STATION_501010 180650 14.235220312059628 50.87576423112548 564.0
GAUGING_STATION_550190 180900 14.133844648218808 50.94186451129637 189.0
GAUGING_STATION_550100 181150 14.244613242052962 50.92842998727773 66.0
GAUGING_STATION_550302 181400 14.269691931001875 50.97101787879455 69.0
GAUGING_STATION_550810 181650 13.993816585389949 51.022094948027565 187.0
GAUGING_STATION_550390 181900 14.21134715658831 51.028348553912714 119.0
GAUGING_STATION_550620 182150 13.97732671472615 50.91632870973011 91.0
GAUGING_STATION_550490 182400 14.046572253178677 50.88185608656877 73.0
GAUGING_STATION_550560 182650 14.108149231535268 50.88674713893094 45.0
GAUGING_STATION_550710 182900 13.979576936961205 50.83283735538427 52.0
GAUGING_STATION_501040 190400 13.9329961861314 50.96447437430193 575.0
GAUGING_STATION_501010 190650 14.235220312059628 50.87576423112548 584.0
GAUGING_STATION_550190 190900 14.133844648218808 50.94186451129637 195.0
GAUGING_STATION_550100 191150 14.244613242052962 50.92842998727773 66.0
GAUGING_STATION_550302 191400 14.269691931001875 50.97101787879455 74.0
GAUGING_STATION_550810 191650 13.993816585389949 51.022094948027565 181.0
GAUGING_STATION_550390 191900 14.21134715658831 51.028348553912714 130.0
GAUGING_STATION_550620 192150 13.97732671472615 50.91632870973011 94.0
GAUGING_STATION_550490 192400 14.046572253178677 50.88185608656877 75.0
GAUGING_STATION_550560 192650 14.108149231535268 50.88674713893094 56.0
GAUGING_STATION_550710 192900 13.979576936961205 50.83283735538427 53.0
GAUGING_STATION_501040 200400 13.9329961861314 50.96447437430193 571.0
GAUGING_STATION_501010 200650 14.235220312059628 50.87576423112548 605.0
GAUGING_STATION_550190 200900 14.133844648218808 50.94186451129637 191.0
GAUGING_STATION_550100 201150 14.244613242052962 50.92842998727773 65.0
GAUGING_STATION_550302 201400 14.269691931001875 50.97101787879455 78.0
GAUGING_STATION_550810 201650 13.993816585389949 51.022094948027565 172.0
GAUGING_STATION_550390 201900 14.21134715658831 51.028348553912714 131.0
GAUGING_STATION_550620 202150 13.97732671472615 50.91632870973011 96.0
GAUGING_STATION_550490 202400 14.046572253178677 50.88185608656877 72.0
GAUGING_STATION_550560 202650 14.108149231535268 50.88674713893094 65.0
GAUGING_STATION_550710 202900 13.979576936961205 50.83283735538427 55.0
GAUGING_STATION_501040 210400 13.9329961861314 50.96447437430193 567.0
GAUGING_STATION_501010 210650 14.235220312059628 50.87576423112548 620.0
GAUGING_STATION_550190 210900 14.133844648218808 50.94186451129637 183.0
GAUGING_STATION_550100 211150 14.244613242052962 50.92842998727773 64.0
GAUGING_STATION_550302 211400 14.269691931001875 50.97101787879455 77.0
GAUGING_STATION_550810 211650 13.993816585389949 51.022094948027565 164.0
GAUGING_STATION_550390 211900 14.21134715658831 51.028348553912714 126.0
GAUGING_STATION_550620 212150 13.97732671472615 50.91632870973011 101.0
GAUGING_STATION_550490 212400 14.046572253178677 50.88185608656877 69.0
GAUGING_STATION_550560 212650 14.108149231535268 50.88674713893094 74.0
GAUGING_STATION_550710 212900 13.979576936961205 50.83283735538427 56.0
GAUGING_STATION_501040 220400 13.9329961861314 50.96447437430193 564.0
GAUGING_STATION_501010 220650 14.235220312059628 50.87576423112548 625.0
GAUGING_STATION_550190 220900 14.133844648218808 50.94186451129637 175.0
GAUGING_STATION_550100 221150 14.244613242052962 50.92842998727773 64.0
GAUGING_STATION_550302 221400 14.269691931001875 50.97101787879455 74.0
GAUGING_STATION_550810 221650 13.993816585389949 51.022094948027565 159.0
GAUGING_STATION_550390 221900 14.21134715658831 51.028348553912714 117.0
GAUGING_STATION_550620 222150 13.97732671472615 50.91632870973011 108.0
GAUGING_STATION_550490 222400 14.046572253178677 50.88185608656877 67.0
GAUGING_STATION_550560 222650 14.108149231535268 50.88674713893094 77.0
GAUGING_STATION_550710 222900 13.979576936961205 50.83283735538427 58.0
GAUGING_STATION_501040 230400 13.9329961861314 50.96447437430193 561.0
GAUGING_STATION_501010 230650 14.235220312059628 50.87576423112548 626.0
GAUGING_STATION_550190 230900 14.133844648218808 50.94186451129637 168.0
GAUGING_STATION_550100 231150 14.244613242052962 50.92842998727773 63.0
GAUGING_STATION_550302 231400 14.269691931001875 50.97101787879455 71.0
GAUGING_STATION_550810 231650 13.993816585389949 51.022094948027565 157.0
GAUGING_STATION_550390 231900 14.21134715658831 51.028348553912714 110.0
GAUGING_STATION_550620 232150 13.97732671472615 50.91632870973011 110.0
GAUGING_STATION_550490 232400 14.046572253178677 50.88185608656877 65.0
GAUGING_STATION_550560 232650 14.108149231535268 50.88674713893094 75.0
GAUGING_STATION_550710 232900 13.979576936961205 50.83283735538427 60.0
GAUGING_STATION_501040 240400 13.9329961861314 50.96447437430193 550.0
GAUGING_STATION_501010 240650 14.235220312059628 50.87576423112548 627.0
GAUGING_STATION_550190 240900 14.133844648218808 50.94186451129637 162.0
GAUGING_STATION_550100 241150 14.244613242052962 50.92842998727773 63.0
GAUGING_STATION_550302 241400 14.269691931001875 50.97101787879455 68.0
GAUGING_STATION_550810 241650 13.993816585389949 51.022094948027565 157.0
GAUGING_STATION_550390 241900 14.21134715658831 51.028348553912714 105.0
GAUGING_STATION_550620 242150 13.97732671472615 50.91632870973011 111.0
GAUGING_STATION_550490 242400 14.046572253178677 50.88185608656877 64.0
GAUGING_STATION_550560 242650 14.108149231535268 50.88674713893094 70.0
GAUGING_STATION_550710 242900 13.979576936961205 50.83283735538427 61.0
GAUGING_STATION_501040 250400 13.9329961861314 50.96447437430193 549.0
GAUGING_STATION_501010 250650 14.235220312059628 50.87576423112548 630.0
GAUGING_STATION_550190 250900 14.133844648218808 50.94186451129637 157.0
GAUGING_STATION_550100 251150 14.244613242052962 50.92842998727773 63.0
GAUGING_STATION_550302 251400 14.269691931001875 50.97101787879455 66.0
GAUGING_STATION_550810 251650 13.993816585389949 51.022094948027565 167.0
GAUGING_STATION_550390 251900 14.21134715658831 51.028348553912714 100.0
GAUGING_STATION_550620 252150 13.97732671472615 50.91632870973011 110.0
GAUGING_STATION_550490 252400 14.046572253178677 50.88185608656877 67.0
GAUGING_STATION_550560 252650 14.108149231535268 50.88674713893094 68.0
GAUGING_STATION_550710 252900 13.979576936961205 50.83283735538427 61.0
GAUGING_STATION_501040 260400 13.9329961861314 50.96447437430193 548.0
GAUGING_STATION_501010 260650 14.235220312059628 50.87576423112548 635.0
GAUGING_STATION_550190 260900 14.133844648218808 50.94186451129637 152.0
GAUGING_STATION_550100 261150 14.244613242052962 50.92842998727773 65.0
GAUGING_STATION_550302 261400 14.269691931001875 50.97101787879455 64.0
GAUGING_STATION_550810 261650 13.993816585389949 51.022094948027565 178.0
GAUGING_STATION_550390 261900 14.21134715658831 51.028348553912714 96.0
GAUGING_STATION_550620 262150 13.97732671472615 50.91632870973011 109.0
GAUGING_STATION_550490 262400 14.046572253178677 50.88185608656877 71.0
GAUGING_STATION_550560 262650 14.108149231535268 50.88674713893094 66.0
GAUGING_STATION_550710 262900 13.979576936961205 50.83283735538427 61.0
GAUGING_STATION_501040 270400 13.9329961861314 50.96447437430193 545.0
GAUGING_STATION_501010 270650 14.235220312059628 50.87576423112548 641.0
GAUGING_STATION_550190 270900 14.133844648218808 50.94186451129637 151.0
GAUGING_STATION_550100 271150 14.244613242052962 50.92842998727773 69.0
GAUGING_STATION_550302 271400 14.269691931001875 50.97101787879455 63.0
GAUGING_STATION_550810 271650 13.993816585389949 51.022094948027565 196.0
GAUGING_STATION_550390 271900 14.21134715658831 51.028348553912714 91.0
GAUGING_STATION_550620 272150 13.97732671472615 50.91632870973011 108.0
GAUGING_STATION_550490 272400 14.046572253178677 50.88185608656877 76.0
GAUGING_STATION_550560 272650 14.108149231535268 50.88674713893094 66.0
GAUGING_STATION_550710 272900 13.979576936961205 50.83283735538427 61.0
GAUGING_STATION_501040 280400 13.9329961861314 50.96447437430193 543.0
GAUGING_STATION_501010 280650 14.235220312059628 50.87576423112548 648.0
GAUGING_STATION_550190 280900 14.133844648218808 50.94186451129637 152.0
GAUGING_STATION_550100 281150 14.244613242052962 50.92842998727773 71.0
GAUGING_STATION_550302 281400 14.269691931001875 50.97101787879455 63.0
GAUGING_STATION_550810 281650 13.993816585389949 51.022094948027565 210.0
GAUGING_STATION_550390 281900 14.21134715658831 51.028348553912714 89.0
GAUGING_STATION_550620 282150 13.97732671472615 50.91632870973011 106.0
GAUGING_STATION_550490 282400 14.046572253178677 50.88185608656877 87.0
GAUGING_STATION_550560 282650 14.108149231535268 50.88674713893094 65.0
GAUGING_STATION_550710 282900 13.979576936961205 50.83283735538427 61.0
GAUGING_STATION_501040 290400 13.9329961861314 50.96447437430193 541.0
GAUGING_STATION_501010 290650 14.235220312059628 50.87576423112548 656.0
GAUGING_STATION_550190 290900 14.133844648218808 50.94186451129637 157.0
GAUGING_STATION_550100 291150 14.244613242052962 50.92842998727773 73.0
GAUGING_STATION_550302 291400 14.269691931001875 50.97101787879455 65.0
GAUGING_STATION_550810 291650 13.993816585389949 51.022094948027565 218.0
GAUGING_STATION_550390 291900 14.21134715658831 51.028348553912714 90.0
GAUGING_STATION_550620 292150 13.97732671472615 50.91632870973011 105.0
GAUGING_STATION_550490 292400 14.046572253178677 50.88185608656877 91.0
GAUGING_STATION_550560 292650 14.108149231535268 50.88674713893094 62.0
GAUGING_STATION_550710 292900 13.979576936961205 50.83283735538427 61.0
GAUGING_STATION_501040 300400 13.9329961861314 50.96447437430193 538.0
GAUGING_STATION_501010 300650 14.235220312059628 50.87576423112548 663.0
GAUGING_STATION_550190 300900 14.133844648218808 50.94186451129637 162.0
GAUGING_STATION_550100 301150 14.244613242052962 50.92842998727773 74.0
GAUGING_STATION_550302 301400 14.269691931001875 50.97101787879455 74.0
GAUGING_STATION_550810 301650 13.993816585389949 51.022094948027565 218.0
GAUGING_STATION_550390 301900 14.21134715658831 51.028348553912714 96.0
GAUGING_STATION_550620 302150 13.97732671472615 50.91632870973011 104.0
GAUGING_STATION_550490 302400 14.046572253178677 50.88185608656877 92.0
GAUGING_STATION_550560 302650 14.108149231535268 50.88674713893094 61.0
GAUGING_STATION_550710 302900 13.979576936961205 50.83283735538427 60.0
GAUGING_STATION_501040 310400 13.9329961861314 50.96447437430193 510.0
GAUGING_STATION_501010 310650 14.235220312059628 50.87576423112548 671.0
GAUGING_STATION_550190 310900 14.133844648218808 50.94186451129637 165.0
GAUGING_STATION_550100 311150 14.244613242052962 50.92842998727773 72.0
GAUGING_STATION_550302 311400 14.269691931001875 50.97101787879455 82.0
GAUGING_STATION_550810 311650 13.993816585389949 51.022094948027565 217.0
GAUGING_STATION_550390 311900 14.21134715658831 51.028348553912714 94.0
GAUGING_STATION_550620 312150 13.97732671472615 50.91632870973011 103.0
GAUGING_STATION_550490 312400 14.046572253178677 50.88185608656877 87.0
GAUGING_STATION_550560 312650 14.108149231535268 50.88674713893094 62.0
GAUGING_STATION_550710 312900 13.979576936961205 50.83283735538427 60.0
GAUGING_STATION_501040 320400 13.9329961861314 50.96447437430193 514.0
GAUGING_STATION_501010 320650 14.235220312059628 50.87576423112548 680.0
GAUGING_STATION_550190 320900 14.133844648218808 50.94186451129637 164.0
GAUGING_STATION_550100 321150 14.244613242052962 50.92842998727773 71.0
GAUGING_STATION_550302 321400 14.269691931001875 50.97101787879455 85.0
GAUGING_STATION_550810 321650 13.993816585389949 51.022094948027565 219.0
GAUGING_STATION_550390 321900 14.21134715658831 51.028348553912714 94.0
GAUGING_STATION_550620 322150 13.97732671472615 50.91632870973011 108.0
GAUGING_STATION_550490 322400 14.046572253178677 50.88185608656877 83.0
GAUGING_STATION_550560 322650 14.108149231535268 50.88674713893094 64.0
GAUGING_STATION_550710 322900 13.979576936961205 50.83283735538427 60.0
GAUGING_STATION_501040 330400 13.9329961861314 50.96447437430193 517.0
GAUGING_STATION_501010 330650 14.235220312059628 50.87576423112548 688.0
GAUGING_STATION_550190 330900 14.133844648218808 50.94186451129637 159.0
GAUGING_STATION_550100 331150 14.244613242052962 50.92842998727773 69.0
GAUGING_STATION_550302 331400 14.269691931001875 50.97101787879455 82.0
GAUGING_STATION_550810 331650 13.993816585389949 51.022094948027565 221.0
GAUGING_STATION_550390 331900 14.21134715658831 51.028348553912714 90.0
GAUGING_STATION_550620 332150 13.97732671472615 50.91632870973011 108.0
GAUGING_STATION_550490 332400 14.046572253178677 50.88185608656877 79.0
GAUGING_STATION_550560 332650 14.108149231535268 50.88674713893094 67.0
GAUGING_STATION_550710 332900 13.979576936961205 50.83283735538427 60.0
GAUGING_STATION_501040 340400 13.9329961861314 50.96447437430193 518.0
GAUGING_STATION_501010 340650 14.235220312059628 50.87576423112548 695.0
GAUGING_STATION_550190 340900 14.133844648218808 50.94186451129637 153.0
GAUGING_STATION_550100 341150 14.244613242052962 50.92842998727773 68.0
GAUGING_STATION_550302 341400 14.269691931001875 50.97101787879455 79.0
GAUGING_STATION_550810 341650 13.993816585389949 51.022094948027565 219.0
GAUGING_STATION_550390 341900 14.21134715658831 51.028348553912714 85.0
GAUGING_STATION_550620 342150 13.97732671472615 50.91632870973011 109.0
GAUGING_STATION_550490 342400 14.046572253178677 50.88185608656877 75.0
GAUGING_STATION_550560 342650 14.108149231535268 50.88674713893094 68.0
GAUGING_STATION_550710 342900 13.979576936961205 50.83283735538427 61.0
GAUGING_STATION_501040 350400 13.9329961861314 50.96447437430193 518.0
GAUGING_STATION_501010 350650 14.235220312059628 50.87576423112548 700.0
GAUGING_STATION_550190 350900 14.133844648218808 50.94186451129637 149.0
GAUGING_STATION_550100 351150 14.244613242052962 50.92842998727773 66.0
GAUGING_STATION_550302 351400 14.269691931001875 50.97101787879455 76.0
GAUGING_STATION_550810 351650 13.993816585389949 51.022094948027565 212.0
GAUGING_STATION_550390 351900 14.21134715658831 51.028348553912714 81.0
GAUGING_STATION_550620 352150 13.97732671472615 50.91632870973011 110.0
GAUGING_STATION_550490 352400 14.046572253178677 50.88185608656877 72.0
GAUGING_STATION_550560 352650 14.108149231535268 50.88674713893094 68.0
GAUGING_STATION_550710 352900 13.979576936961205 50.83283735538427 61.0
GAUGING_STATION_501040 360400 13.9329961861314 50.96447437430193 517.0
GAUGING_STATION_501010 360650 14.235220312059628 50.87576423112548 704.0
GAUGING_STATION_550190 360900 14.133844648218808 50.94186451129637 145.0
GAUGING_STATION_550100 361150 14.244613242052962 50.92842998727773 66.0
GAUGING_STATION_550302 361400 14.269691931001875 50.97101787879455 73.0
GAUGING_STATION_550810 361650 13.993816585389949 51.022094948027565 205.0
GAUGING_STATION_550390 361900 14.21134715658831 51.028348553912714 77.0
GAUGING_STATION_550620 362150 13.97732671472615 50.91632870973011 110.0
GAUGING_STATION_550490 362400 14.046572253178677 50.88185608656877 70.0
GAUGING_STATION_550560 362650 14.108149231535268 50.88674713893094 66.0
GAUGING_STATION_550710 362900 13.979576936961205 50.83283735538427 61.0
GAUGING_STATION_501040 370400 13.9329961861314 50.96447437430193 515.0
GAUGING_STATION_501010 370650 14.235220312059628 50.87576423112548 709.0
GAUGING_STATION_550190 370900 14.133844648218808 50.94186451129637 142.0
GAUGING_STATION_550100 371150 14.244613242052962 50.92842998727773 67.0
GAUGING_STATION_550302 371400 14.269691931001875 50.97101787879455 70.0
GAUGING_STATION_550810 371650 13.993816585389949 51.022094948027565 196.0
GAUGING_STATION_550390 371900 14.21134715658831 51.028348553912714 74.0
GAUGING_STATION_550620 372150 13.97732671472615 50.91632870973011 109.0
GAUGING_STATION_550490 372400 14.046572253178677 50.88185608656877 68.0
GAUGING_STATION_550560 372650 14.108149231535268 50.88674713893094 64.0
GAUGING_STATION_550710 372900 13.979576936961205 50.83283735538427 61.0
GAUGING_STATION_501040 380400 13.9329961861314 50.96447437430193 514.0
GAUGING_STATION_501010 380650 14.235220312059628 50.87576423112548 713.0
GAUGING_STATION_550190 380900 14.133844648218808 50.94186451129637 141.0
GAUGING_STATION_550100 381150 14.244613242052962 50.92842998727773 70.0
GAUGING_STATION_550302 381400 14.269691931001875 50.97101787879455 68.0
GAUGING_STATION_550810 381650 13.993816585389949 51.022094948027565 187.0
GAUGING_STATION_550390 381900 14.21134715658831 51.028348553912714 72.0
GAUGING_STATION_550620 382150 13.97732671472615 50.91632870973011 107.0
GAUGING_STATION_550490 382400 14.046572253178677 50.88185608656877 66.0
GAUGING_STATION_550560 382650 14.108149231535268 50.88674713893094 62.0
GAUGING_STATION_550710 382900 13.979576936961205 50.83283735538427 60.0
GAUGING_STATION_501040 390400 13.9329961861314 50.96447437430193 512.0
GAUGING_STATION_501010 390650 14.235220312059628 50.87576423112548 718.0
GAUGING_STATION_550190 390900 14.133844648218808 50.94186451129637 143.0
GAUGING_STATION_550100 391150 14.244613242052962 50.92842998727773 74.0
GAUGING_STATION_550302 391400 14.269691931001875 50.97101787879455 65.0
GAUGING_STATION_550810 391650 13.993816585389949 51.022094948027565 174.0
GAUGING_STATION_550390 391900 14.21134715658831 51.028348553912714 70.0
GAUGING_STATION_550620 392150 13.97732671472615 50.91632870973011 107.0
GAUGING_STATION_550490 392400 14.046572253178677 50.88185608656877 65.0
GAUGING_STATION_550560 392650 14.108149231535268 50.88674713893094 60.0
GAUGING_STATION_550710 392900 13.979576936961205 50.83283735538427 59.0
GAUGING_STATION_501040 400400 13.9329961861314 50.96447437430193 511.0
GAUGING_STATION_501010 400650 14.235220312059628 50.87576423112548 723.0
GAUGING_STATION_550190 400900 14.133844648218808 50.94186451129637 150.0
GAUGING_STATION_550100 401150 14.244613242052962 50.92842998727773 77.0
GAUGING_STATION_550302 401400 14.269691931001875 50.97101787879455 66.0
GAUGING_STATION_550810 401650 13.993816585389949 51.022094948027565 165.0
GAUGING_STATION_550390 401900 14.21134715658831 51.028348553912714 71.0
GAUGING_STATION_550620 402150 13.97732671472615 50.91632870973011 106.0
GAUGING_STATION_550490 402400 14.046572253178677 50.88185608656877 65.0
GAUGING_STATION_550560 402650 14.108149231535268 50.88674713893094 59.0
GAUGING_STATION_550710 402900 13.979576936961205 50.83283735538427 59.0
GAUGING_STATION_501040 410400 13.9329961861314 50.96447437430193 510.0
GAUGING_STATION_501010 410650 14.235220312059628 50.87576423112548 729.0
GAUGING_STATION_550190 410900 14.133844648218808 50.94186451129637 161.0
GAUGING_STATION_550100 411150 14.244613242052962 50.92842998727773 77.0
GAUGING_STATION_550302 411400 14.269691931001875 50.97101787879455 68.0
GAUGING_STATION_550810 411650 13.993816585389949 51.022094948027565 158.0
GAUGING_STATION_550390 411900 14.21134715658831 51.028348553912714 80.0
GAUGING_STATION_550620 412150 13.97732671472615 50.91632870973011 106.0
GAUGING_STATION_550490 412400 14.046572253178677 50.88185608656877 67.0
GAUGING_STATION_550560 412650 14.108149231535268 50.88674713893094 58.0
GAUGING_STATION_550710 412900 13.979576936961205 50.83283735538427 59.0
GAUGING_STATION_501040 420400 13.9329961861314 50.96447437430193 508.0
GAUGING_STATION_501010 420650 14.235220312059628 50.87576423112548 736.0
GAUGING_STATION_550190 420900 14.133844648218808 50.94186451129637 169.0
GAUGING_STATION_550100 421150 14.244613242052962 50.92842998727773 76.0
GAUGING_STATION_550302 421400 14.269691931001875 50.97101787879455 78.0
GAUGING_STATION_550810 421650 13.993816585389949 51.022094948027565 154.0
GAUGING_STATION_550390 421900 14.21134715658831 51.028348553912714 89.0
GAUGING_STATION_550620 422150 13.97732671472615 50.91632870973011 105.0
GAUGING_STATION_550490 422400 14.046572253178677 50.88185608656877 67.0
GAUGING_STATION_550560 422650 14.108149231535268 50.88674713893094 57.0
GAUGING_STATION_550710 422900 13.979576936961205 50.83283735538427 59.0
GAUGING_STATION_501040 430400 13.9329961861314 50.96447437430193 505.0
GAUGING_STATION_501010 430650 14.235220312059628 50.87576423112548 742.0
GAUGING_STATION_550190 430900 14.133844648218808 50.94186451129637 171.0
GAUGING_STATION_550100 431150 14.244613242052962 50.92842998727773 75.0
GAUGING_STATION_550302 431400 14.269691931001875 50.97101787879455 88.0
GAUGING_STATION_550810 431650 13.993816585389949 51.022094948027565 151.0
GAUGING_STATION_550390 431900 14.21134715658831 51.028348553912714 101.0
GAUGING_STATION_550620 432150 13.97732671472615 50.91632870973011 101.0
GAUGING_STATION_550490 432400 14.046572253178677 50.88185608656877 68.0
GAUGING_STATION_550560 432650 14.108149231535268 50.88674713893094 57.0
GAUGING_STATION_550710 432900 13.979576936961205 50.83283735538427 59.0
GAUGING_STATION_501040 440400 13.9329961861314 50.96447437430193 501.0
GAUGING_STATION_501010 440650 14.235220312059628 50.87576423112548 751.0
GAUGING_STATION_550190 440900 14.133844648218808 50.94186451129637 170.0
GAUGING_STATION_550100 441150 14.244613242052962 50.92842998727773 74.0
GAUGING_STATION_550302 441400 14.269691931001875 50.97101787879455 92.0
GAUGING_STATION_550810 441650 13.993816585389949 51.022094948027565 146.0
GAUGING_STATION_550390 441900 14.21134715658831 51.028348553912714 99.0
GAUGING_STATION_550620 442150 13.97732671472615 50.91632870973011 111.0
GAUGING_STATION_550490 442400 14.046572253178677 50.88185608656877 66.0
GAUGING_STATION_550560 442650 14.108149231535268 50.88674713893094 58.0
GAUGING_STATION_550710 442900 13.979576936961205 50.83283735538427 59.0
GAUGING_STATION_501040 450400 13.9329961861314 50.96447437430193 496.0
GAUGING_STATION_501010 450650 14.235220312059628 50.87576423112548 759.0
GAUGING_STATION_550190 450900 14.133844648218808 50.94186451129637 164.0
GAUGING_STATION_550100 451150 14.244613242052962 50.92842998727773 72.0
GAUGING_STATION_550302 451400 14.269691931001875 50.97101787879455 90.0
GAUGING_STATION_550810 451650 13.993816585389949 51.022094948027565 142.0
GAUGING_STATION_550390 451900 14.21134715658831 51.028348553912714 93.0
GAUGING_STATION_550620 452150 13.97732671472615 50.91632870973011 110.0
GAUGING_STATION_550490 452400 14.046572253178677 50.88185608656877 64.0
GAUGING_STATION_550560 452650 14.108149231535268 50.88674713893094 61.0
GAUGING_STATION_550710 452900 13.979576936961205 50.83283735538427 59.0
GAUGING_STATION_501040 460400 13.9329961861314 50.96447437430193 478.0
GAUGING_STATION_501010 460650 14.235220312059628 50.87576423112548 766.0
GAUGING_STATION_550190 460900 14.133844648218808 50.94186451129637 157.0
GAUGING_STATION_550100 461150 14.244613242052962 50.92842998727773 70.0
GAUGING_STATION_550302 461400 14.269691931001875 50.97101787879455 86.0
GAUGING_STATION_550810 461650 13.993816585389949 51.022094948027565 136.0
GAUGING_STATION_550390 461900 14.21134715658831 51.028348553912714 87.0
GAUGING_STATION_550620 462150 13.97732671472615 50.91632870973011 112.0
GAUGING_STATION_550490 462400 14.046572253178677 50.88185608656877 62.0
GAUGING_STATION_550560 462650 14.108149231535268 50.88674713893094 63.0
GAUGING_STATION_550710 462900 13.979576936961205 50.83283735538427 59.0
GAUGING_STATION_501040 470400 13.9329961861314 50.96447437430193 474.0
GAUGING_STATION_501010 470650 14.235220312059628 50.87576423112548 771.0
GAUGING_STATION_550190 470900 14.133844648218808 50.94186451129637 152.0
GAUGING_STATION_550100 471150 14.244613242052962 50.92842998727773 69.0
GAUGING_STATION_550302 471400 14.269691931001875 50.97101787879455 82.0
GAUGING_STATION_550810 471650 13.993816585389949 51.022094948027565 129.0
GAUGING_STATION_550390 471900 14.21134715658831 51.028348553912714 82.0
GAUGING_STATION_550620 472150 13.97732671472615 50.91632870973011 113.0
GAUGING_STATION_550490 472400 14.046572253178677 50.88185608656877 61.0
GAUGING_STATION_550560 472650 14.108149231535268 50.88674713893094 64.0
GAUGING_STATION_550710 472900 13.979576936961205 50.83283735538427 60.0
GAUGING_STATION_501040 480400 13.9329961861314 50.96447437430193 470.0
GAUGING_STATION_501010 480650 14.235220312059628 50.87576423112548 776.0
GAUGING_STATION_550190 480900 14.133844648218808 50.94186451129637 147.0
GAUGING_STATION_550100 481150 14.244613242052962 50.92842998727773 69.0
GAUGING_STATION_550302 481400 14.269691931001875 50.97101787879455 81.0
GAUGING_STATION_550810 481650 13.993816585389949 51.022094948027565 124.0
GAUGING_STATION_550390 481900 14.21134715658831 51.028348553912714 78.0
GAUGING_STATION_550620 482150 13.97732671472615 50.91632870973011 113.0
GAUGING_STATION_550490 482400 14.046572253178677 50.88185608656877 60.0
GAUGING_STATION_550560 482650 14.108149231535268 50.88674713893094 62.0
GAUGING_STATION_550710 482900 13.979576936961205 50.83283735538427 60.0
GAUGING_STATION_501040 490400 13.9329961861314 50.96447437430193 465.0
GAUGING_STATION_501010 490650 14.235220312059628 50.87576423112548 781.0
GAUGING_STATION_550190 490900 14.133844648218808 50.94186451129637 144.0
GAUGING_STATION_550100 491150 14.244613242052962 50.92842998727773 72.0
GAUGING_STATION_550302 491400 14.269691931001875 50.97101787879455 86.0
GAUGING_STATION_550810 491650 13.993816585389949 51.022094948027565 121.0
GAUGING_STATION_550390 491900 14.21134715658831 51.028348553912714 75.0
GAUGING_STATION_550620 492150 13.97732671472615 50.91632870973011 112.0
GAUGING_STATION_550490 492400 14.046572253178677 50.88185608656877 59.0
GAUGING_STATION_550560 492650 14.108149231535268 50.88674713893094 60.0
GAUGING_STATION_550710 492900 13.979576936961205 50.83283735538427 60.0
